5 100 1000
19 47 18 97 16
89 79 5 4 4 3 2 1
39 15 86 4 3 0 4 1
75 93 98 4 3 4 2 0
45 8 29 2 1 2
62 68 24 3 4 2 1
40 63 84 3 4 3 2
49 94 19 5 4 1 0 3 2
45 27 99 5 3 2 0 4 1
89 25 76 5 1 2 0 3 4
8 69 52 2 0 3
93 74 55 2 1 0
81 80 30 2 3 1
38 42 21 5 3 2 0 4 1
96 72 91 2 1 0
67 83 54 3 1 2 3
35 36 18 4 1 0 4 3
86 24 44 2 4 1
62 45 7 4 0 4 1 2
5 5 22 2 0 3
82 13 13 2 2 3
23 24 24 2 1 2
78 88 96 3 1 0 4
56 45 9 2 2 3
80 10 11 3 1 0 3
36 16 59 4 0 2 1 3
51 48 82 4 2 3 1 0
72 35 33 3 2 3 1
36 90 33 3 3 0 1
60 64 1 2 4 1
49 59 32 4 4 2 0 3
67 44 73 5 3 1 0 2 4
40 38 88 3 4 3 2
100 53 38 4 0 1 2 3
6 86 9 5 3 1 4 2 0
14 32 85 5 1 3 4 0 2
34 74 69 4 1 4 0 3
30 94 26 4 1 0 2 4
17 32 6 5 2 0 1 3 4
66 66 95 2 2 3
34 91 52 4 1 4 3 0
38 39 45 3 1 4 3
62 43 31 3 3 4 0
24 15 38 4 2 0 4 3
92 11 86 4 0 3 4 1
63 53 89 2 2 0
26 83 40 4 2 4 1 0
24 55 69 5 1 2 3 4 0
92 13 77 3 0 2 1
21 70 16 5 1 2 0 3 4
1 87 13 5 4 1 2 3 0
75 67 95 3 4 0 1
25 86 98 5 0 1 3 4 2
23 98 55 4 2 4 1 0
38 71 24 4 1 2 0 3
73 30 66 4 3 4 2 0
86 78 12 5 0 2 1 4 3
42 22 99 3 2 1 4
91 87 31 4 1 0 3 4
64 67 73 2 1 4
79 16 61 5 3 2 1 0 4
49 93 27 5 0 2 4 1 3
36 73 60 2 3 2
31 15 84 4 1 4 0 3
33 17 34 2 4 1
19 38 11 3 1 3 4
44 9 44 3 4 2 1
49 67 34 4 1 4 0 3
99 8 33 3 2 1 0
43 68 97 4 1 0 3 2
37 62 70 4 1 4 3 0
60 28 71 5 0 1 4 3 2
17 88 72 5 2 4 0 3 1
97 81 17 2 0 4
35 8 11 4 4 2 1 3
23 19 17 3 2 1 0
73 72 44 2 1 3
11 66 79 2 2 3
88 83 62 3 0 2 1
66 23 54 3 2 4 1
31 70 61 2 1 4
63 16 52 2 0 3
59 95 81 4 3 4 0 1
93 77 22 5 0 1 4 3 2
32 78 90 4 4 3 0 1
63 68 2 5 0 3 2 4 1
37 90 56 2 0 4
65 37 98 4 2 3 0 1
69 21 45 2 4 1
93 24 100 5 4 2 1 0 3
37 81 25 4 0 4 3 1
88 24 9 2 4 2
18 93 39 4 3 0 1 4
1 22 10 2 3 2
60 29 37 5 4 1 3 0 2
69 34 17 2 1 2
53 85 5 2 4 0
85 7 29 4 4 2 1 3
99 19 62 3 0 2 3
86 23 35 4 1 2 0 3
41 20 63 2 3 2
2 4
2 4
2 0
1 2
3 2
0 2
0 1
3 1
0 1
2 1
1 3
0 3
1 2
4 2
0 4
2 0
2 1
1 3
3 4
4 0
0 4
4 1
3 2
1 3
4 3
1 3
2 3
4 0
4 0
3 2
1 2
3 1
3 1
2 0
1 0
4 2
3 0
0 4
0 3
1 0
1 3
2 1
3 4
0 1
1 2
1 4
3 4
4 0
2 0
3 0
4 1
1 4
0 3
4 1
1 0
3 4
4 3
1 2
4 0
0 1
4 2
3 1
1 2
4 1
0 3
4 1
1 3
4 0
2 0
0 2
0 3
0 1
3 2
2 3
4 2
3 4
2 1
3 0
1 0
3 2
1 4
3 2
2 3
1 3
3 1
2 3
4 1
0 4
3 2
2 0
2 0
4 0
1 2
2 0
3 4
1 4
4 0
3 1
4 0
0 3
4 0
2 3
0 3
1 4
0 4
3 1
2 0
1 4
1 0
1 3
3 2
2 0
4 1
4 0
1 2
1 4
2 3
3 0
4 3
4 2
4 0
0 4
2 0
2 3
4 0
4 3
3 2
3 0
1 2
2 3
3 1
2 0
3 2
2 4
4 2
0 1
2 3
1 3
3 1
1 4
0 3
4 3
1 4
2 4
2 1
2 0
0 2
3 4
1 2
3 0
1 0
4 1
0 4
2 1
3 4
0 4
2 3
2 4
3 4
1 4
1 3
1 0
4 3
3 4
3 2
2 1
0 3
3 0
0 1
1 4
2 0
0 2
0 2
0 1
4 0
3 0
0 3
3 4
0 3
3 0
2 0
0 3
3 2
3 1
2 1
4 2
3 0
3 0
4 3
3 4
3 0
0 1
1 3
3 0
1 4
3 0
1 0
0 1
1 4
4 0
2 3
1 0
1 4
1 2
2 4
1 3
2 0
3 0
4 1
1 4
1 4
1 2
4 0
4 1
1 0
1 3
1 3
2 1
0 1
0 2
1 0
1 3
0 3
0 3
1 4
1 2
3 4
2 0
1 2
2 3
4 0
0 1
4 2
4 3
0 4
4 2
3 1
1 0
2 1
1 3
4 0
1 0
3 0
0 3
0 1
3 1
3 2
0 3
3 2
4 3
4 1
3 4
2 4
4 2
3 1
2 3
2 3
1 0
2 1
1 0
1 2
4 0
4 1
3 4
4 3
3 1
3 0
0 3
1 4
2 1
4 2
4 3
0 4
4 0
3 4
3 2
3 1
1 2
2 0
4 3
1 0
3 1
1 4
3 4
2 0
4 2
4 3
2 0
3 0
0 4
2 1
1 0
0 2
0 2
4 1
0 1
3 2
3 2
1 3
3 2
4 0
2 0
2 1
3 2
2 0
0 2
1 2
4 2
1 2
2 0
4 1
1 3
2 0
2 0
2 1
3 4
1 4
3 1
2 3
3 0
3 1
4 1
0 4
3 0
3 1
2 4
0 3
1 4
1 2
0 1
3 4
0 4
4 0
0 2
1 4
0 3
3 4
4 0
0 2
4 2
1 2
0 4
3 1
0 3
1 4
3 1
3 0
3 1
2 1
1 4
1 4
3 1
3 2
4 3
0 2
3 0
2 4
0 3
1 2
0 2
2 3
2 3
3 0
4 3
4 1
2 0
1 3
0 3
3 4
2 1
4 3
0 4
0 3
4 3
4 0
4 1
0 2
3 1
0 2
4 1
3 1
1 2
3 4
2 3
4 3
1 3
3 4
1 3
0 2
1 0
2 3
2 0
1 3
0 4
4 0
3 1
1 0
0 1
3 4
0 3
0 4
0 2
2 1
4 3
4 0
1 2
2 4
3 4
2 1
1 0
1 0
0 3
4 3
1 4
1 0
0 4
1 0
0 4
1 2
0 2
3 2
2 1
4 1
4 0
0 2
1 0
3 2
3 2
1 0
0 3
1 3
1 4
0 2
4 2
2 0
2 4
3 2
4 0
4 1
4 0
2 1
2 1
0 3
4 0
0 4
1 3
4 3
4 0
1 2
3 2
2 3
3 4
3 0
0 4
3 0
4 3
0 4
3 2
4 1
4 3
3 0
0 3
4 0
2 4
1 0
0 3
2 3
2 0
4 1
1 3
3 0
2 1
3 2
1 0
4 1
4 2
2 3
3 1
2 1
2 3
4 2
4 0
0 4
4 0
1 2
2 4
0 2
2 4
3 4
4 2
1 3
2 1
0 2
2 3
1 4
1 3
3 4
3 2
0 1
3 1
1 2
1 4
4 1
0 4
0 1
0 3
2 1
1 2
4 3
3 1
2 3
3 4
2 0
1 3
4 3
3 1
2 3
1 2
2 3
3 0
0 1
1 3
4 2
0 3
3 1
3 4
3 2
2 1
1 4
3 2
3 4
3 4
3 2
0 1
4 3
0 1
2 4
1 4
0 4
1 0
2 3
2 4
0 3
0 2
0 4
1 2
3 2
1 2
2 4
2 0
1 4
3 2
0 3
4 2
2 1
2 3
0 4
3 1
1 2
3 4
4 3
1 4
3 4
0 2
4 2
4 3
4 3
3 1
2 0
4 0
4 0
1 2
4 1
3 4
0 1
2 1
3 2
3 1
4 2
3 0
2 1
4 2
1 0
4 3
4 0
1 4
0 2
3 0
2 0
4 1
4 3
0 3
4 0
4 2
4 1
3 0
4 1
3 0
4 0
2 1
3 0
3 4
3 0
1 3
1 4
2 3
2 0
1 0
1 0
1 4
0 1
0 4
3 2
4 3
1 2
2 3
0 3
1 0
2 1
4 1
1 0
1 3
2 3
1 3
2 3
0 1
4 2
3 2
1 4
0 2
2 3
4 1
1 0
4 0
0 4
0 3
4 2
2 4
1 3
4 3
1 3
0 1
1 0
0 2
3 2
0 3
0 4
4 1
1 2
2 0
2 1
0 1
1 3
0 3
3 2
2 3
2 1
3 0
1 4
2 0
1 2
4 1
3 1
2 0
1 4
4 2
3 2
1 0
0 2
3 4
4 3
4 3
0 4
4 3
1 0
1 4
3 0
2 3
1 3
3 1
1 0
4 2
0 1
1 0
3 2
1 4
0 3
2 0
1 4
0 4
4 0
0 1
0 3
2 0
0 4
4 3
3 0
0 3
3 2
3 4
0 3
0 1
3 2
2 4
3 2
3 4
2 1
2 4
0 4
1 4
1 0
0 2
1 2
4 1
4 3
1 2
3 2
3 0
0 1
3 0
3 1
4 2
1 3
3 4
0 1
0 3
0 1
2 0
2 4
3 4
2 1
3 2
3 0
3 0
3 4
0 4
3 2
4 0
3 1
1 2
4 2
1 4
3 1
4 3
2 1
1 3
3 4
4 0
3 4
3 1
1 4
0 4
1 4
0 1
2 3
3 1
0 1
4 1
3 2
1 2
0 2
1 0
4 2
2 3
4 2
0 4
3 4
3 0
0 4
2 1
4 0
0 2
4 3
4 0
2 4
1 4
4 1
3 0
2 0
4 2
0 1
0 1
0 1
3 4
2 0
1 3
0 4
2 0
1 0
2 1
2 4
3 1
1 3
4 1
1 4
3 1
0 1
3 2
4 2
0 4
4 1
3 2
0 4
1 2
2 4
2 4
2 4
1 4
2 0
0 2
1 3
3 1
4 3
3 0
2 3
0 2
1 4
0 2
2 3
3 0
0 4
3 0
1 4
0 3
0 4
1 3
3 0
4 0
1 2
1 3
1 3
2 4
2 3
2 3
0 4
4 2
2 1
1 4
2 0
2 0
0 3
0 3
2 4
4 2
0 4
0 1
0 2
4 3
1 2
3 4
0 1
2 0
2 0
4 3
2 0
3 4
3 2
4 2
0 2
4 1
1 3
3 0
2 3
3 1
2 1
0 2
1 0
4 3
4 0
2 1
3 0
2 0
4 2
0 3
1 2
2 4
3 4
3 0
3 1
0 3
4 1
2 3
1 0
4 1
2 0
1 0
0 2
4 0
4 3
0 3
1 2
1 3
2 0
0 1
2 0
2 1
0 1
1 4
1 4
2 0
3 4
3 1
0 3
3 0
4 3
3 2
3 1
0 1
2 0
3 2
4 1
0 2
3 0
4 3
4 0
4 2
0 1
1 0
1 4
2 4
0 2
4 3
3 1
3 1
4 1
1 2
2 3
3 1
1 2
4 3
2 1
3 2
2 0
1 4
4 2
0 3
3 0
3 0
3 0
0 1
3 1
1 4
0 4
2 0
3 0
2 0
3 2
4 2
1 2
2 0
0 3
1 2
1 0
2 3
2 4
1 4
4 1
1 2
0 4
4 3
1 2
4 1
2 3
4 3
4 3
0 2
2 3
4 0
2 0
2 4
4 2
2 4
1 0
0 3
2 0
4 0
1 4
2 3
3 1
2 1
1 2
0 1
1 4
4 2
1 3
1 4
3 4
1 0
0 4
2 1
4 0
0 2
2 0
2 0
2 4
3 2
0 4
2 1
0 4
4 2
