500
3
0
449
351 1 256
181 255 260
248 338 51
375 282 497
300 238 179
119 159 311
476 300 196
478 455 3
445 340 272
182 472 254
55 49 123
362 255 22
28 54 420
421 272 24
470 343 157
56 73 390
413 388 485
312 199 292
142 448 388
205 153 363
158 30 324
480 109 331
152 41 468
73 474 267
283 8 198
42 57 334
493 6 219
256 107 66
237 5 219
430 320 273
376 257 197
134 122 198
140 96 374
320 45 260
438 183 244
88 3 44
186 300 125
311 238 223
439 153 318
343 371 354
299 418 495
394 130 465
201 256 46
294 222 475
199 170 81
117 418 484
492 490 297
349 312 119
236 90 35
440 61 149
176 289 405
409 163 38
151 133 176
145 274 65
491 90 78
39 338 31
211 27 350
473 16 43
499 142 307
47 38 86
241 449 325
222 422 248
65 197 141
261 84 414
198 214 408
75 207 468
239 363 0
264 202 319
229 474 3
353 455 53
348 474 53
188 172 183
405 144 119
477 442 172
104 104 124
46 65 193
447 259 210
154 451 319
5 200 392
164 107 134
416 39 421
60 465 369
111 300 412
131 188 90
63 331 32
118 395 304
174 166 350
113 345 55
284 101 47
86 478 298
162 355 405
331 83 406
443 220 44
227 315 364
474 464 451
147 264 225
92 312 35
165 339 120
85 460 365
38 76 20
80 202 211
496 155 269
52 346 475
463 444 104
317 244 58
91 402 322
282 162 54
146 274 490
59 194 123
72 447 302
482 337 407
266 413 414
446 54 244
386 139 379
184 383 456
427 107 449
141 16 106
187 217 272
161 467 391
432 130 97
1 284 372
319 179 237
371 13 291
177 249 130
453 412 42
62 129 148
143 22 457
450 122 234
135 329 134
43 164 380
251 329 385
374 6 10
270 358 439
429 195 398
249 16 161
238 202 333
160 357 147
3 459 464
102 491 140
484 490 84
34 447 371
391 431 238
488 399 326
54 276 482
232 209 156
462 63 38
379 326 394
64 431 182
326 137 291
290 419 91
216 35 38
435 189 76
27 133 412
90 76 150
170 314 191
45 157 324
69 478 407
337 248 382
475 368 186
155 6 94
203 302 322
318 287 1
122 402 141
479 326 318
10 438 295
303 450 162
58 75 493
41 96 61
94 394 367
114 30 78
132 194 216
192 149 415
124 366 179
98 52 38
259 395 277
24 390 136
105 265 65
33 126 349
276 35 242
380 312 91
240 12 50
175 30 100
221 64 67
332 224 161
128 335 474
50 427 265
130 248 123
295 24 218
108 156 333
306 320 273
327 392 303
281 144 430
244 248 189
139 408 373
16 296 78
344 267 29
171 165 169
26 205 407
129 396 188
388 171 485
273 230 302
292 183 168
103 339 463
19 283 448
265 325 424
101 245 128
346 198 142
293 238 389
498 33 349
112 205 245
190 483 482
422 389 237
127 363 496
287 382 244
278 377 251
361 420 383
301 384 193
456 488 226
22 55 66
378 197 378
316 245 282
71 128 323
399 18 398
68 486 110
15 362 428
434 73 451
486 73 145
345 351 362
324 190 169
307 38 136
138 205 84
195 71 331
23 398 267
469 464 413
347 2 133
183 324 87
214 338 215
178 126 237
366 420 391
383 146 65
489 13 25
243 46 313
452 398 14
395 354 67
13 390 346
418 311 257
97 411 270
230 17 403
377 202 396
173 124 250
472 239 138
44 439 59
390 140 442
448 298 484
289 13 470
29 77 318
414 416 45
110 97 37
359 414 91
497 168 15
254 334 361
96 26 71
285 366 317
252 249 394
100 470 282
83 144 188
208 187 409
321 56 152
115 481 159
274 215 391
296 42 251
99 357 130
403 252 365
335 163 81
381 376 459
210 417 110
167 126 41
228 266 36
257 217 384
18 78 408
57 299 369
483 467 378
315 53 479
352 449 232
460 274 392
168 213 210
209 76 470
426 123 0
81 223 489
342 265 284
84 176 172
280 385 278
250 439 149
494 366 79
74 202 331
288 301 341
329 319 395
451 63 173
428 247 124
258 154 172
392 288 163
107 470 462
253 213 377
449 16 143
466 463 302
120 461 382
8 178 422
400 129 450
322 392 297
87 255 34
223 280 108
401 341 433
267 46 206
153 435 329
269 470 390
109 48 123
314 422 276
431 453 114
458 5 3
471 261 382
369 324 10
330 192 196
150 324 126
2 380 101
263 287 330
220 315 456
123 138 3
355 419 372
202 212 399
336 315 452
323 415 486
423 134 59
461 199 258
442 276 410
302 221 317
212 45 476
304 371 472
420 16 482
247 214 33
382 18 218
373 486 160
7 260 66
172 453 67
70 191 402
213 441 261
305 127 471
384 453 493
31 446 204
354 198 185
262 311 113
455 283 222
444 446 132
30 106 229
217 1 216
481 439 129
328 117 66
425 122 209
231 319 252
106 151 161
485 411 341
95 440 221
61 471 217
226 195 395
116 399 406
35 78 375
279 311 393
457 348 250
193 42 277
490 265 314
364 443 48
298 131 122
360 117 307
398 418 152
260 247 382
340 76 133
397 115 19
437 328 147
204 280 277
17 145 483
89 310 343
185 357 358
417 140 278
93 205 266
454 180 436
341 389 196
180 67 228
25 450 103
436 144 377
487 249 272
246 391 178
11 337 349
9 74 54
191 347 3
51 64 298
234 472 328
339 442 289
402 256 454
14 339 317
233 487 262
271 62 129
67 375 25
441 412 365
53 389 81
415 95 139
189 213 129
325 7 273
76 162 270
20 67 393
149 224 433
79 285 392
368 395 483
36 209 90
291 265 464
82 461 22
459 448 120
408 271 4
464 449 335
410 25 451
32 403 285
225 167 77
308 114 250
365 410 283
313 173 93
4 82 161
255 14 357
219 476 275
37 339 70
196 429 189
133 468 197
49 339 287
125 457 9
245 128 288
272 441 465
363 459 53
411 149 365
435 36 484
338 382 303
137 42 359
207 363 151
21 223 229
194 324 23
467 84 192
40 265 180
385 316 143
396 7 407
77 234 224
407 442 402
465 56 394
370 220 141
156 329 34
468 147 27
179 474 318
350 346 211
310 103 451
333 276 208
367 438 76
357 278 269
48 375 467
218 446 329
406 420 196
169 65 129
144 94 423
148 76 471
277 14 188
242 4 33
389 297 90
309 303 287
163 458 92
159 366 145
126 150 230
424 247 173
66 128 158
206 365 229
393 58 117
157 372 13
78 404 328
197 371 79
433 168 400
235 291 203
356 234 163
495 43 372
166 413 372
334 342 86
215 133 58
358 483 86
224 91 313
6 149 420
387 205 254
275 118 82
412 97 356
136 351 452
268 90 109
12 260 434
404 147 105
419 230 417
372 461 428
297 107 261
286 0 238
200 452 444
121 339 32
