500
3
0
322
257 336 347
118 56 16
152 498 103
442 475 228
336 427 196
189 284 399
226 356 332
407 115 459
489 257 482
379 211 363
119 0 177
153 345 489
469 93 146
106 272 348
28 32 435
197 50 386
498 294 385
464 475 199
377 7 390
29 309 378
392 213 150
114 326 147
221 370 209
278 84 75
332 430 342
398 1 426
316 352 346
440 23 141
143 131 467
148 43 96
128 417 235
138 381 183
236 56 281
432 270 408
450 301 57
455 309 117
289 266 87
483 263 396
467 107 442
101 66 313
320 194 167
271 167 5
45 8 403
19 341 338
35 154 218
57 63 402
173 127 170
7 382 109
142 81 307
175 407 232
43 68 357
397 326 389
85 30 394
249 99 444
47 226 36
426 188 304
295 431 331
164 396 318
50 344 85
103 350 463
178 474 43
69 416 59
331 92 288
170 147 91
14 153 246
38 364 497
439 228 478
293 417 315
124 62 308
383 81 22
482 102 88
360 368 382
191 164 135
8 280 142
240 391 218
267 245 383
366 317 233
263 183 294
282 305 477
107 345 39
243 409 67
36 331 94
492 39 52
270 495 338
347 236 290
145 487 261
210 152 282
184 498 482
56 360 194
345 415 115
25 230 312
355 380 176
66 378 430
329 154 157
472 498 324
116 337 26
183 133 4
321 142 449
109 437 442
130 387 250
288 305 337
435 240 367
60 124 481
301 250 132
456 456 92
168 67 261
283 40 132
158 308 153
356 180 274
1 370 405
375 173 316
233 91 353
126 183 474
194 196 107
172 208 349
275 280 65
79 22 128
108 235 291
134 370 278
154 326 56
78 87 387
52 73 455
215 114 308
4 341 422
151 13 155
117 247 258
437 16 10
431 173 211
162 41 470
111 50 461
129 354 271
251 208 421
31 170 203
298 152 274
343 71 158
176 397 489
125 41 470
100 150 293
491 415 250
46 218 237
330 485 154
84 147 378
132 56 345
358 74 271
216 20 227
146 222 317
376 120 429
401 216 102
9 64 105
268 493 103
190 33 318
253 93 221
48 272 16
245 122 375
351 13 272
459 107 56
346 19 318
476 53 340
76 333 245
408 431 92
264 113 27
219 57 305
122 310 81
192 96 438
16 199 182
458 338 247
294 240 143
404 181 220
411 236 223
436 259 63
61 197 493
429 44 219
241 431 422
250 221 78
53 267 126
317 177 131
98 235 475
371 197 203
165 448 433
363 488 146
248 13 340
49 399 0
296 218 85
286 197 367
390 368 496
234 356 235
445 320 454
454 309 367
362 412 69
71 127 256
341 418 163
381 193 180
357 44 435
421 429 175
15 22 422
466 335 222
102 80 141
374 149 288
91 6 313
485 166 274
11 191 118
394 353 290
112 430 192
258 104 182
209 174 340
457 403 116
113 474 478
272 348 28
187 337 197
166 347 465
387 48 458
41 320 241
417 205 384
92 371 231
213 66 109
304 339 33
212 27 136
339 496 394
199 201 469
344 430 78
300 26 208
388 130 342
40 187 206
62 50 318
342 88 392
448 167 165
260 8 391
156 223 477
224 204 456
205 378 76
58 167 160
34 488 438
323 113 294
334 110 159
149 191 85
461 411 34
484 31 8
277 126 282
403 414 213
32 101 332
171 203 310
155 451 61
39 375 380
415 412 21
3 42 473
72 322 329
338 189 290
139 437 457
313 187 311
150 167 406
193 59 101
135 113 126
63 457 169
127 422 464
438 166 225
462 392 218
223 485 375
204 393 161
400 496 155
281 361 397
364 241 443
449 479 126
475 485 339
297 373 286
369 115 213
115 307 333
266 35 45
24 37 326
348 186 113
10 293 432
463 216 7
324 210 139
80 317 193
395 261 464
203 207 177
354 80 453
310 165 276
427 106 179
81 240 276
222 371 259
255 93 392
291 326 416
418 321 143
391 236 384
230 69 337
385 490 287
326 199 219
319 145 126
496 413 306
218 326 448
413 263 0
490 112 99
402 53 159
206 217 24
259 31 356
495 88 301
195 218 486
274 50 164
159 462 485
13 289 263
303 34 106
144 405 89
380 133 68
22 127 334
97 478 405
480 131 135
82 296 415
188 165 362
409 89 76
261 28 285
307 237 70
169 180 169
20 348 300
30 398 254
276 145 311
273 63 386
337 33 77
229 435 77
287 181 336
246 393 87
353 80 45
161 58 239
157 87 420
382 375 450
237 85 437
133 159 45
328 269 315
453 461 196
74 23 217
160 102 27
311 454 428
359 492 397
42 316 172
73 7 63
105 285 397
198 43 196
200 495 241
238 55 438
141 362 279
479 303 147
389 109 233
93 206 156
468 148 35
474 322 186
87 405 7
83 15 363
309 177 231
96 343 320
410 87 223
444 423 225
428 377 19
393 182 79
51 301 120
64 59 308
163 97 213
499 407 243
6 483 279
33 438 36
54 322 2
18 185 76
232 449 166
384 403 96
217 120 74
481 317 244
314 182 197
55 433 491
302 85 316
95 17 234
90 353 176
77 293 98
228 407 224
247 323 288
207 66 149
352 108 235
225 261 391
235 209 392
308 205 74
318 457 203
99 280 474
487 482 204
350 373 490
202 394 398
335 305 235
373 302 102
412 248 20
140 339 285
451 214 402
65 109 468
280 2 295
121 191 167
460 224 423
478 361 331
424 157 265
340 115 166
370 445 373
201 55 196
266 128 326
305 289 287
110 207 400
471 62 120
312 110 109
284 407 181
446 198 75
361 227 243
89 62 217
416 384 422
244 494 189
422 302 246
147 279 180
26 25 42
177 370 265
5 37 14
86 488 237
493 484 356
254 280 356
420 328 368
290 348 121
181 422 79
68 95 357
406 495 420
37 150 79
386 15 340
94 13 148
325 417 221
477 58 399
367 401 128
443 264 478
185 31 261
315 491 421
17 407 4
137 347 226
433 436 409
23 264 345
306 13 403
104 370 227
174 241 290
488 418 100
441 466 299
227 255 286
131 130 424
220 116 367
88 407 372
430 129 451
44 337 76
299 245 133
262 263 283
269 7 342
365 371 168
239 237 397
252 93 125
497 425 280
423 312 372
59 336 239
196 341 408
180 368 168
120 22 399
372 79 91
285 319 86
182 307 386
214 280 427
419 464 181
434 383 52
21 187 5
208 264 259
322 50 458
265 307 9
425 236 322
378 429 140
167 273 234
2 174 470
186 285 143
211 165 363
494 257 270
292 439 360
70 346 211
279 398 84
452 267 294
179 397 402
231 113 287
256 393 388
327 486 227
67 371 372
75 39 278
447 177 240
473 490 217
368 107 99
12 328 423
470 433 423
27 226 242
349 301 398
399 306 126
333 442 478
396 147 414
465 65 253
123 262 416
136 304 287
242 76 135
414 459 469
486 139 399
405 231 276
