500
3
0
449
425 381 107
247 487 146
474 389 224
413 466 119
63 368 131
298 126 444
22 358 292
313 346 468
183 385 308
149 372 125
446 158 51
333 254 272
221 385 220
73 285 345
331 475 378
166 85 199
310 452 283
281 375 102
9 142 470
432 313 255
243 230 137
414 64 114
155 274 475
214 483 344
222 220 353
230 294 327
306 55 388
271 99 289
54 81 251
82 18 438
259 136 196
181 114 121
270 178 140
478 67 451
217 498 350
220 256 425
8 193 188
211 124 315
422 182 15
12 199 459
157 462 234
239 247 259
332 303 382
357 2 167
452 293 312
381 387 163
380 327 155
461 263 322
96 412 216
121 480 51
83 156 117
62 397 484
114 142 348
495 7 329
119 46 162
16 164 9
226 152 284
60 8 18
447 80 132
19 221 95
433 382 224
15 339 383
188 356 313
129 229 157
190 458 145
113 493 39
218 465 85
353 230 359
228 451 44
132 192 457
438 300 214
204 279 39
405 422 285
391 142 415
66 330 173
318 300 389
358 327 353
202 154 294
53 165 188
412 93 196
369 50 213
265 142 211
61 177 109
206 267 247
379 494 19
79 14 281
429 354 24
208 451 435
32 432 429
236 59 168
99 476 486
325 220 476
39 437 493
348 431 78
46 177 1
471 314 123
45 431 172
102 10 116
372 38 377
258 187 112
395 74 223
499 17 129
444 390 172
58 163 450
338 407 6
179 86 65
257 337 193
402 436 419
498 377 106
24 114 466
440 179 483
489 181 187
232 133 491
251 168 60
256 43 379
241 225 289
437 226 309
312 14 244
346 317 110
329 29 71
347 84 316
421 341 400
252 276 334
479 3 235
288 143 471
162 187 295
140 73 113
148 37 341
47 229 160
210 184 373
424 411 498
194 268 134
386 407 465
363 229 347
176 7 47
76 2 122
279 82 466
7 182 239
266 358 440
225 79 388
29 139 9
34 321 384
378 143 342
246 160 432
295 77 289
189 193 312
311 446 55
324 442 106
23 196 18
487 337 221
285 125 162
41 474 143
443 311 247
396 103 90
195 54 465
287 282 469
316 136 295
416 35 0
70 79 450
75 24 340
50 339 36
344 390 497
253 402 156
304 132 403
89 447 230
35 303 292
341 7 238
26 171 275
436 266 87
408 313 293
327 222 77
112 404 222
55 72 268
122 486 230
351 416 416
451 169 497
203 307 485
245 151 372
36 44 99
481 260 18
387 411 94
383 381 288
139 472 313
364 166 182
175 194 317
91 75 444
200 166 126
442 276 142
309 274 62
173 80 263
368 58 409
118 198 149
427 414 393
133 92 218
492 249 274
195 63 492
51 431 344
128 382 484
159 281 47
134 194 448
448 244 29
475 442 61
68 451 314
297 248 184
219 264 159
216 453 397
314 288 150
269 387 303
43 330 230
168 234 146
340 109 415
262 300 284
147 91 35
463 98 132
234 430 85
431 62 279
428 322 100
37 218 245
27 305 363
192 368 476
85 151 380
263 21 39
280 416 468
115 184 486
254 330 302
255 446 477
197 136 164
491 497 449
205 416 0
212 394 241
460 327 73
20 271 157
370 192 85
38 410 295
71 297 328
399 390 174
290 492 26
483 393 23
111 425 27
87 242 35
453 436 7
392 166 485
184 102 366
117 246 375
94 15 16
201 412 58
400 131 130
174 338 445
5 396 485
264 340 496
349 324 173
299 118 145
320 238 93
278 467 370
215 120 358
146 104 94
186 135 216
196 387 22
423 165 327
213 300 389
407 91 430
345 43 391
17 154 216
464 115 173
410 453 27
292 467 408
430 15 52
330 296 3
86 21 137
193 212 470
153 260 336
328 419 192
365 311 427
237 127 336
98 451 303
367 382 219
185 280 479
156 447 410
356 183 5
450 168 70
33 308 240
409 43 289
317 187 146
116 93 218
293 404 198
108 360 68
404 336 475
490 456 179
191 409 417
13 273 20
359 7 211
224 47 37
334 256 156
469 475 472
389 420 426
106 466 86
268 485 267
260 185 147
3 160 450
100 390 40
397 105 392
135 478 87
127 464 359
172 182 115
435 172 103
105 345 107
286 357 487
180 399 190
326 296 317
238 48 23
18 279 115
72 21 436
141 378 229
152 329 1
465 299 232
473 113 411
56 356 435
273 361 150
1 171 117
294 16 414
120 420 218
101 384 253
249 254 92
69 352 75
93 394 452
497 165 495
67 455 194
104 287 412
30 143 476
415 133 446
439 444 419
44 182 340
276 74 85
337 472 118
390 324 216
393 490 12
40 96 134
470 413 489
482 246 156
377 294 285
467 22 305
342 281 449
455 316 197
403 248 345
418 29 102
92 257 31
28 26 310
277 420 343
161 296 148
244 344 285
336 322 157
307 311 403
126 475 182
366 88 348
394 236 316
302 420 481
177 247 100
457 380 298
167 89 41
21 345 271
267 456 422
480 81 20
124 213 164
242 20 353
384 112 429
171 332 249
142 434 496
426 172 213
198 13 133
109 451 236
355 235 80
360 454 79
164 163 133
486 344 377
178 8 303
401 255 482
137 165 385
323 167 285
411 475 224
138 374 143
493 166 375
49 315 47
468 207 53
158 287 366
354 478 176
84 307 289
10 75 149
88 418 356
74 362 179
144 54 358
77 80 496
373 148 41
406 211 233
472 263 46
382 137 361
322 413 455
456 395 43
207 136 259
136 307 275
150 50 341
275 334 149
454 173 300
343 334 99
11 147 327
484 339 348
57 196 229
209 195 78
163 103 210
417 361 297
165 408 160
223 462 414
289 256 61
90 96 125
321 300 467
352 98 326
229 204 375
48 425 404
261 214 24
459 461 206
95 186 362
477 348 69
305 293 315
303 50 123
283 205 419
231 461 417
339 27 226
362 191 196
52 120 479
2 113 4
199 178 198
154 461 243
385 250 308
458 400 34
123 174 71
308 228 326
398 474 108
274 66 59
233 35 21
97 352 82
301 464 255
125 54 432
130 325 382
6 72 67
496 346 32
434 312 335
248 21 240
64 398 247
187 492 156
227 217 161
282 172 453
350 24 224
494 112 373
371 289 92
42 300 42
107 126 103
4 326 278
300 29 330
296 469 468
315 46 20
169 166 81
449 324 218
376 251 162
81 264 44
445 189 404
59 383 199
78 140 327
143 323 282
462 460 1
103 165 325
441 405 158
31 393 132
145 62 229
419 78 310
291 207 400
335 342 280
420 328 12
374 339 395
131 4 136
170 64 410
375 381 343
488 420 301
25 372 193
476 471 32
485 458 498
388 111 329
240 254 114
14 393 46
151 260 120
182 308 450
466 278 108
284 364 239
65 31 453
250 245 96
80 114 223
160 168 308
110 275 296
235 371 332
272 205 133
361 253 211
319 64 398
