500
3
0
264
230 248 401
464 347 363
481 266 106
340 101 58
431 397 105
471 363 461
53 269 407
163 150 208
29 205 20
40 326 313
213 288 432
103 237 462
35 284 238
445 397 490
161 145 441
349 298 77
319 382 28
360 269 154
198 63 293
472 216 420
469 101 118
482 444 331
11 395 102
242 295 291
32 444 456
459 454 488
212 315 229
411 286 283
301 400 383
383 492 116
436 404 54
174 159 218
98 311 321
412 320 288
328 427 87
303 244 58
421 118 411
380 457 231
429 17 194
316 149 285
309 330 449
104 435 435
291 310 300
281 483 330
330 204 312
468 388 75
391 16 326
145 379 17
170 21 376
495 319 128
315 429 454
184 353 371
139 11 127
118 291 307
489 433 379
119 287 394
339 433 235
269 280 93
321 49 291
409 231 337
372 317 495
43 66 264
317 388 487
49 367 280
473 189 355
410 342 268
152 479 48
260 327 442
373 308 298
99 180 193
89 301 59
31 215 41
387 71 94
215 24 346
182 358 251
347 154 487
157 223 277
442 312 22
465 130 26
113 290 55
48 107 415
438 191 139
352 156 361
395 315 81
27 279 306
258 1 270
354 267 415
135 121 279
169 337 91
167 314 394
305 214 291
112 158 83
116 69 189
240 476 180
335 159 287
47 282 254
14 296 378
50 312 306
434 430 294
256 73 91
55 88 336
270 192 462
9 431 107
229 214 153
115 460 23
134 447 50
138 481 388
81 141 364
283 28 409
133 375 174
90 87 356
257 80 19
173 117 354
263 485 451
16 352 181
142 31 163
162 333 317
244 30 241
154 232 324
168 464 263
261 279 98
453 268 302
206 64 389
8 477 326
484 34 400
203 314 470
437 33 99
485 168 174
91 463 225
475 378 181
357 441 487
386 256 430
253 291 367
2 134 15
294 172 218
36 130 381
234 183 440
220 428 56
39 241 276
108 390 84
241 339 120
377 344 315
320 137 160
396 135 56
348 215 349
205 495 397
252 432 4
446 465 484
425 353 485
117 453 295
448 192 459
460 318 465
243 460 325
176 115 220
147 492 256
248 320 414
479 435 0
128 279 197
197 258 328
227 125 116
192 275 383
397 430 85
249 393 21
476 207 186
211 429 401
25 11 226
15 102 488
418 432 124
88 186 226
450 109 386
209 459 307
111 391 110
306 119 448
324 65 464
487 225 462
367 487 429
200 221 370
150 99 408
122 67 403
191 171 337
467 26 77
166 477 4
355 385 323
114 267 338
17 397 132
466 158 80
214 283 292
278 390 16
86 413 32
494 486 289
21 345 189
77 467 372
416 291 5
165 137 417
45 294 324
282 214 436
231 15 396
483 266 35
85 292 181
59 278 398
474 489 464
341 177 179
287 205 20
70 405 371
216 445 210
493 211 419
399 7 478
332 94 35
457 80 162
222 355 351
370 83 113
247 212 281
179 260 477
121 13 276
344 288 411
300 94 313
374 353 288
417 75 185
342 473 264
101 84 237
175 133 459
292 499 352
366 467 109
181 499 475
84 40 391
462 87 470
38 138 477
127 161 246
193 436 432
312 16 398
433 449 89
124 433 98
350 210 499
44 431 261
439 218 99
129 471 351
498 340 321
144 169 208
430 461 195
298 250 346
389 21 488
3 11 92
304 431 152
492 213 9
414 282 368
131 312 400
41 426 380
497 117 157
136 448 22
408 178 67
254 298 225
56 275 424
451 41 316
264 24 415
110 54 468
202 314 336
322 432 271
187 153 352
178 205 286
93 361 406
444 350 203
428 17 200
20 267 100
208 420 21
363 78 330
371 78 282
382 395 192
365 98 12
274 352 44
65 20 4
400 495 316
284 476 54
172 415 308
338 447 486
327 381 353
308 173 463
378 333 473
331 362 220
67 356 179
393 464 342
237 499 146
280 364 81
207 414 181
226 375 149
325 480 266
255 464 54
224 253 383
37 374 35
78 16 277
54 263 341
60 390 63
455 471 250
159 433 111
82 162 410
106 336 157
24 135 185
401 63 282
18 47 233
155 311 78
76 456 423
148 3 262
491 460 246
189 248 452
385 8 91
158 382 169
423 479 79
343 205 59
351 201 98
143 250 207
384 224 480
268 435 195
153 373 352
28 450 195
71 96 213
223 251 1
480 7 261
345 223 81
160 339 299
7 478 246
362 378 484
201 52 405
245 214 19
100 78 287
141 89 472
398 246 202
120 354 302
286 421 164
42 7 309
1 406 217
95 117 15
10 205 10
419 390 233
87 68 125
46 396 393
146 257 157
424 353 350
440 311 388
123 473 22
6 327 51
390 276 191
340 240 68
329 171 49
259 203 167
64 3 346
404 428 230
271 40 123
57 102 348
12 358 8
379 13 384
488 224 39
97 68 147
279 82 313
361 430 109
221 356 45
376 176 203
293 215 78
422 48 43
334 336 21
63 396 16
225 101 177
238 416 198
381 259 467
486 318 365
109 87 151
94 261 384
180 93 314
353 108 66
194 279 190
326 424 190
125 332 309
177 28 486
478 65 217
61 272 434
62 24 490
463 458 75
183 84 459
369 267 452
458 309 470
250 32 336
102 258 259
297 315 44
307 132 50
79 321 76
246 112 151
277 222 468
318 129 440
359 247 481
105 267 497
52 495 355
368 222 45
218 312 413
456 409 162
132 262 291
137 396 4
232 332 132
447 277 490
267 285 438
273 293 79
51 209 344
262 299 480
190 48 318
402 204 79
452 73 110
406 286 72
276 173 416
275 246 348
405 187 18
188 121 73
272 417 166
461 396 382
266 199 438
73 428 125
80 482 197
34 230 449
265 35 23
449 164 170
364 390 189
375 403 306
22 21 292
236 306 377
19 405 28
5 216 396
72 284 276
323 32 415
477 261 1
156 353 391
289 69 125
235 248 168
290 6 346
107 466 483
26 233 161
443 354 118
195 33 245
75 262 487
388 215 66
239 230 231
66 214 131
4 22 172
83 153 404
164 409 448
420 493 124
288 159 451
496 115 233
311 420 223
432 229 375
415 58 276
196 360 112
210 235 191
126 280 137
454 110 220
219 147 76
302 85 71
23 297 429
30 8 293
285 79 284
426 244 36
96 220 107
490 94 395
441 16 339
92 132 229
130 315 204
228 357 129
403 402 125
394 414 48
69 292 177
299 394 128
336 320 421
68 9 216
333 266 192
470 300 220
185 1 212
199 145 247
413 239 106
186 17 220
140 118 359
74 205 138
337 175 48
310 404 307
314 115 256
346 330 493
358 374 361
233 150 417
295 30 344
427 261 234
13 55 247
58 144 422
151 455 160
217 14 425
435 344 0
171 257 288
407 468 132
313 450 341
356 231 310
33 314 202
296 490 205
251 157 74
149 297 222
392 463 80
499 39 151
204 140 51
