100
3
0
49
60 0 0
98 91 1
75 50 86
45 80 73
30 22 95
22 92 34
89 91 89
80 24 35
84 15 22
93 31 95
1 28 18
7 37 85
51 10 70
65 38 2
72 46 18
41 30 24
73 46 97
13 84 7
29 76 81
77 63 42
67 28 47
27 43 6
10 71 72
68 61 58
57 51 7
32 4 5
35 95 82
90 57 28
85 94 17
48 40 16
69 0 14
70 65 78
55 56 55
14 20 8
38 20 22
21 5 25
86 94 21
81 14 78
64 7 67
37 33 86
49 40 25
58 44 14
54 46 40
34 73 39
62 3 25
2 23 49
15 20 19
9 11 89
31 13 55
96 64 70
16 27 24
63 77 1
56 24 4
11 60 47
54 12 69
61 6 72
87 18 98
71 78 61
97 55 91
76 85 96
47 45 14
78 47 26
12 0 23
25 42 15
94 50 91
44 30 75
91 60 9
40 81 16
66 82 60
17 79 40
88 58 19
53 8 90
39 2 15
99 18 49
28 23 91
36 93 89
18 13 67
43 10 14
26 30 87
59 87 51
33 59 11
20 27 51
50 85 25
4 72 59
79 52 88
42 62 64
74 51 12
23 32 96
92 8 96
3 5 46
6 96 50
95 71 16
5 44 19
46 38 74
8 23 32
83 48 68
52 50 24
19 39 48
82 95 66
24 6 10
