500
3
0
49
60 100 100
98 91 101
75 50 86
45 80 73
30 22 95
22 92 34
89 91 89
80 24 35
84 15 22
93 31 95
1 28 18
7 37 85
51 10 70
65 38 2
72 46 18
41 30 24
73 46 97
13 84 7
29 76 81
77 63 42
67 28 47
27 43 6
10 71 72
68 61 58
57 51 7
32 4 5
35 95 82
90 57 28
85 94 17
48 40 16
69 0 14
70 65 78
55 56 55
14 20 8
38 20 22
21 5 25
86 94 21
81 14 78
64 7 67
37 33 86
49 102 25
58 44 14
54 46 40
34 73 39
62 3 25
2 23 49
15 20 19
9 11 89
31 13 55
96 64 70
16 27 24
63 77 1
56 24 4
11 60 47
103 12 69
61 6 72
87 18 98
71 78 61
97 55 91
76 85 96
47 45 14
78 47 26
12 0 23
25 42 15
94 50 91
44 30 75
91 60 9
40 81 16
66 82 60
17 79 40
88 58 19
53 8 90
39 2 15
99 18 49
28 23 91
36 93 89
18 13 67
43 10 14
26 30 87
59 87 51
33 59 11
20 27 51
50 85 25
4 72 59
79 52 88
42 62 64
74 51 12
23 32 96
92 8 96
3 5 46
6 96 50
95 71 16
5 44 19
46 38 74
8 23 32
83 48 68
52 50 24
19 39 48
82 95 66
24 6 10
60 104 104
98 91 105
49 106 25
107 12 69
60 108 108
98 91 109
49 110 25
111 12 69
60 112 112
98 91 113
49 114 25
115 12 69
60 116 116
98 91 117
49 118 25
119 12 69
60 120 120
98 91 121
49 122 25
123 12 69
60 124 124
98 91 125
49 126 25
127 12 69
60 128 128
98 91 129
49 130 25
131 12 69
60 132 132
98 91 133
49 134 25
135 12 69
60 136 136
98 91 137
49 138 25
139 12 69
60 140 140
98 91 141
49 142 25
143 12 69
60 144 144
98 91 145
49 146 25
147 12 69
60 148 148
98 91 149
49 150 25
151 12 69
60 152 152
98 91 153
49 154 25
155 12 69
60 156 156
98 91 157
49 158 25
159 12 69
60 160 160
98 91 161
49 162 25
163 12 69
60 164 164
98 91 165
49 166 25
167 12 69
60 168 168
98 91 169
49 170 25
171 12 69
60 172 172
98 91 173
49 174 25
175 12 69
60 176 176
98 91 177
49 178 25
179 12 69
60 180 180
98 91 181
49 182 25
183 12 69
60 184 184
98 91 185
49 186 25
187 12 69
60 188 188
98 91 189
49 190 25
191 12 69
60 192 192
98 91 193
49 194 25
195 12 69
60 196 196
98 91 197
49 198 25
199 12 69
60 200 200
98 91 201
49 202 25
203 12 69
60 204 204
98 91 205
49 206 25
207 12 69
60 208 208
98 91 209
49 210 25
211 12 69
60 212 212
98 91 213
49 214 25
215 12 69
60 216 216
98 91 217
49 218 25
219 12 69
60 220 220
98 91 221
49 222 25
223 12 69
60 224 224
98 91 225
49 226 25
227 12 69
60 228 228
98 91 229
49 230 25
231 12 69
60 232 232
98 91 233
49 234 25
235 12 69
60 236 236
98 91 237
49 238 25
239 12 69
60 240 240
98 91 241
49 242 25
243 12 69
60 244 244
98 91 245
49 246 25
247 12 69
60 248 248
98 91 249
49 250 25
251 12 69
60 252 252
98 91 253
49 254 25
255 12 69
60 256 256
98 91 257
49 258 25
259 12 69
60 260 260
98 91 261
49 262 25
263 12 69
60 264 264
98 91 265
49 266 25
267 12 69
60 268 268
98 91 269
49 270 25
271 12 69
60 272 272
98 91 273
49 274 25
275 12 69
60 276 276
98 91 277
49 278 25
279 12 69
60 280 280
98 91 281
49 282 25
283 12 69
60 284 284
98 91 285
49 286 25
287 12 69
60 288 288
98 91 289
49 290 25
291 12 69
60 292 292
98 91 293
49 294 25
295 12 69
60 296 296
98 91 297
49 298 25
299 12 69
60 300 300
98 91 301
49 302 25
303 12 69
60 304 304
98 91 305
49 306 25
307 12 69
60 308 308
98 91 309
49 310 25
311 12 69
60 312 312
98 91 313
49 314 25
315 12 69
60 316 316
98 91 317
49 318 25
319 12 69
60 320 320
98 91 321
49 322 25
323 12 69
60 324 324
98 91 325
49 326 25
327 12 69
60 328 328
98 91 329
49 330 25
331 12 69
60 332 332
98 91 333
49 334 25
335 12 69
60 336 336
98 91 337
49 338 25
339 12 69
60 340 340
98 91 341
49 342 25
343 12 69
60 344 344
98 91 345
49 346 25
347 12 69
60 348 348
98 91 349
49 350 25
351 12 69
60 352 352
98 91 353
49 354 25
355 12 69
60 356 356
98 91 357
49 358 25
359 12 69
60 360 360
98 91 361
49 362 25
363 12 69
60 364 364
98 91 365
49 366 25
367 12 69
60 368 368
98 91 369
49 370 25
371 12 69
60 372 372
98 91 373
49 374 25
375 12 69
60 376 376
98 91 377
49 378 25
379 12 69
60 380 380
98 91 381
49 382 25
383 12 69
60 384 384
98 91 385
49 386 25
387 12 69
60 388 388
98 91 389
49 390 25
391 12 69
60 392 392
98 91 393
49 394 25
395 12 69
60 396 396
98 91 397
49 398 25
399 12 69
60 400 400
98 91 401
49 402 25
403 12 69
60 404 404
98 91 405
49 406 25
407 12 69
60 408 408
98 91 409
49 410 25
411 12 69
60 412 412
98 91 413
49 414 25
415 12 69
60 416 416
98 91 417
49 418 25
419 12 69
60 420 420
98 91 421
49 422 25
423 12 69
60 424 424
98 91 425
49 426 25
427 12 69
60 428 428
98 91 429
49 430 25
431 12 69
60 432 432
98 91 433
49 434 25
435 12 69
60 436 436
98 91 437
49 438 25
439 12 69
60 440 440
98 91 441
49 442 25
443 12 69
60 444 444
98 91 445
49 446 25
447 12 69
60 448 448
98 91 449
49 450 25
451 12 69
60 452 452
98 91 453
49 454 25
455 12 69
60 456 456
98 91 457
49 458 25
459 12 69
60 460 460
98 91 461
49 462 25
463 12 69
60 464 464
98 91 465
49 466 25
467 12 69
60 468 468
98 91 469
49 470 25
471 12 69
60 472 472
98 91 473
49 474 25
475 12 69
60 476 476
98 91 477
49 478 25
479 12 69
60 480 480
98 91 481
49 482 25
483 12 69
60 484 484
98 91 485
49 486 25
487 12 69
60 488 488
98 91 489
49 490 25
491 12 69
60 492 492
98 91 493
49 494 25
495 12 69
60 496 496
98 91 497
49 498 25
499 12 69
60 496 496
98 91 497
49 498 25
499 12 69
