100
3
0
49
11 28 43
74 42 22
45 15 56
31 66 27
83 66 33
70 71 26
21 42 74
60 3 36
75 42 60
20 73 3
85 87 17
71 37 75
23 28 38
5 70 92
41 7 84
64 63 40
59 56 52
91 91 41
54 13 81
39 2 35
43 94 3
32 56 47
87 80 3
95 70 88
18 0 77
34 95 12
90 28 36
66 64 4
15 18 46
79 44 47
16 82 35
52 38 0
29 21 67
98 29 41
22 64 29
37 32 29
69 65 77
93 8 35
99 79 35
73 58 62
42 16 51
55 42 28
48 70 79
82 70 93
89 71 67
94 75 9
96 9 39
14 59 45
28 63 75
33 64 52
80 32 1
35 60 84
92 61 69
62 25 0
72 67 92
26 12 49
13 88 10
2 74 37
7 61 81
9 65 22
53 78 76
19 70 76
4 15 97
24 4 87
64 2 38
76 20 6
30 64 60
88 50 22
86 80 73
49 26 90
63 9 13
61 93 91
8 57 79
3 64 54
46 81 27
27 88 92
10 35 59
58 42 63
38 40 70
57 83 44
1 73 20
25 4 43
40 69 94
68 30 34
81 45 54
56 12 40
12 33 57
78 22 57
51 70 39
97 17 44
36 4 96
6 37 54
17 90 65
77 56 19
67 48 79
44 21 21
65 5 3
84 63 0
50 35 48
47 52 67
