200
3
0
49
11 28 43
74 42 22
45 15 56
31 66 27
83 66 33
70 71 26
21 42 74
60 3 36
75 42 60
20 73 3
85 87 17
71 37 75
23 28 38
5 70 92
41 7 84
64 63 40
59 56 52
91 91 41
54 13 81
39 2 35
43 94 3
32 56 47
87 80 3
95 70 88
18 0 77
34 95 12
90 28 36
66 64 4
15 18 46
79 44 47
16 82 35
52 38 0
29 21 67
98 29 41
22 64 29
37 32 29
69 65 77
93 8 35
99 79 35
73 58 62
42 16 51
55 42 28
48 70 79
82 70 93
89 71 67
94 75 9
96 9 39
14 59 45
28 63 75
33 64 52
80 32 1
35 60 84
92 61 69
62 25 0
72 67 92
26 12 49
13 88 10
2 74 37
7 61 81
9 65 22
53 78 76
19 70 76
4 15 97
24 4 87
100 2 38
76 20 6
30 64 60
88 50 22
86 80 73
49 26 90
63 9 13
61 93 91
8 57 79
3 64 54
46 81 27
27 88 92
10 35 59
58 42 63
38 40 70
57 83 44
1 73 20
25 4 43
40 69 94
68 30 34
81 45 54
56 12 40
12 33 57
78 22 57
51 70 39
97 17 44
36 4 96
6 37 54
17 90 65
77 56 19
67 48 79
44 21 21
65 5 3
84 63 0
50 35 48
47 52 67
101 2 38
102 2 38
103 2 38
104 2 38
105 2 38
106 2 38
107 2 38
108 2 38
109 2 38
110 2 38
111 2 38
112 2 38
113 2 38
114 2 38
115 2 38
116 2 38
117 2 38
118 2 38
119 2 38
120 2 38
121 2 38
122 2 38
123 2 38
124 2 38
125 2 38
126 2 38
127 2 38
128 2 38
129 2 38
130 2 38
131 2 38
132 2 38
133 2 38
134 2 38
135 2 38
136 2 38
137 2 38
138 2 38
139 2 38
140 2 38
141 2 38
142 2 38
143 2 38
144 2 38
145 2 38
146 2 38
147 2 38
148 2 38
149 2 38
150 2 38
151 2 38
152 2 38
153 2 38
154 2 38
155 2 38
156 2 38
157 2 38
158 2 38
159 2 38
160 2 38
161 2 38
162 2 38
163 2 38
164 2 38
165 2 38
166 2 38
167 2 38
168 2 38
169 2 38
170 2 38
171 2 38
172 2 38
173 2 38
174 2 38
175 2 38
176 2 38
177 2 38
178 2 38
179 2 38
180 2 38
181 2 38
182 2 38
183 2 38
184 2 38
185 2 38
186 2 38
187 2 38
188 2 38
189 2 38
190 2 38
191 2 38
192 2 38
193 2 38
194 2 38
195 2 38
196 2 38
197 2 38
198 2 38
199 2 38
199 2 38
