100
3
0
49
76 20 49
41 95 96
56 67 74
85 9 55
51 63 30
36 13 51
4 82 0
49 91 79
98 58 60
63 40 76
27 32 80
82 48 51
42 75 26
48 70 59
81 98 14
20 17 55
93 68 14
45 78 66
64 62 65
99 11 48
54 28 49
43 19 67
8 42 96
84 85 35
75 44 77
77 25 41
52 77 14
28 30 28
55 23 81
23 73 47
66 91 33
97 22 80
91 49 81
33 72 86
2 31 91
46 72 81
71 27 54
60 33 75
47 28 44
40 90 75
24 44 25
16 39 78
96 48 44
94 23 70
53 96 35
70 16 9
59 9 7
90 50 4
18 81 74
74 2 44
86 70 67
34 35 67
68 51 77
3 92 52
22 25 46
7 90 77
88 91 9
80 44 52
69 64 41
87 58 15
62 98 47
58 63 77
65 75 86
25 76 62
12 27 90
10 82 97
44 76 28
72 88 49
83 64 28
38 9 11
37 23 47
89 39 54
17 32 87
26 57 79
19 45 91
92 12 41
21 41 14
67 84 77
14 25 90
35 68 79
29 39 56
31 79 30
50 98 38
30 55 69
73 40 48
39 59 77
13 75 62
6 32 62
95 0 94
32 32 1
15 77 53
11 54 82
33 76 64
61 76 45
9 70 92
5 12 44
1 16 41
79 38 36
57 45 84
78 37 57
