600
3
0
49
76 20 49
41 95 96
56 67 74
85 9 55
51 63 30
36 13 51
4 82 0
49 91 79
98 58 60
63 40 76
27 32 80
82 48 51
42 75 26
48 70 59
81 98 100
20 17 55
93 68 14
45 78 66
64 62 65
99 11 48
54 28 49
43 19 67
8 42 96
84 85 35
75 44 77
77 101 41
52 77 14
28 30 28
55 23 81
23 73 47
66 91 33
97 22 80
91 49 81
102 72 86
2 31 91
46 72 81
71 27 54
60 33 75
47 28 44
40 90 75
24 44 25
16 39 78
96 48 44
94 23 70
53 96 35
70 16 9
59 9 7
90 50 4
18 81 74
74 2 44
86 70 67
34 35 67
68 51 77
3 92 52
22 25 46
7 90 77
88 91 9
80 44 52
69 64 41
87 58 15
62 98 47
58 63 77
65 75 86
25 76 62
12 27 90
10 82 97
44 76 28
72 88 49
83 64 28
38 9 11
37 23 47
89 39 54
17 32 87
26 57 79
19 45 91
92 12 41
21 41 14
67 84 103
14 25 90
35 68 104
29 39 56
31 79 30
50 98 38
30 55 69
73 40 48
39 59 77
13 75 62
6 32 62
95 0 94
32 32 1
15 77 53
11 54 82
33 76 64
61 76 45
9 70 92
5 12 44
1 16 41
79 38 36
57 45 84
78 37 57
81 98 105
77 106 41
107 72 86
67 84 108
35 68 109
81 98 110
77 111 41
112 72 86
67 84 113
35 68 114
81 98 115
77 116 41
117 72 86
67 84 118
35 68 119
81 98 120
77 121 41
122 72 86
67 84 123
35 68 124
81 98 125
77 126 41
127 72 86
67 84 128
35 68 129
81 98 130
77 131 41
132 72 86
67 84 133
35 68 134
81 98 135
77 136 41
137 72 86
67 84 138
35 68 139
81 98 140
77 141 41
142 72 86
67 84 143
35 68 144
81 98 145
77 146 41
147 72 86
67 84 148
35 68 149
81 98 150
77 151 41
152 72 86
67 84 153
35 68 154
81 98 155
77 156 41
157 72 86
67 84 158
35 68 159
81 98 160
77 161 41
162 72 86
67 84 163
35 68 164
81 98 165
77 166 41
167 72 86
67 84 168
35 68 169
81 98 170
77 171 41
172 72 86
67 84 173
35 68 174
81 98 175
77 176 41
177 72 86
67 84 178
35 68 179
81 98 180
77 181 41
182 72 86
67 84 183
35 68 184
81 98 185
77 186 41
187 72 86
67 84 188
35 68 189
81 98 190
77 191 41
192 72 86
67 84 193
35 68 194
81 98 195
77 196 41
197 72 86
67 84 198
35 68 199
81 98 200
77 201 41
202 72 86
67 84 203
35 68 204
81 98 205
77 206 41
207 72 86
67 84 208
35 68 209
81 98 210
77 211 41
212 72 86
67 84 213
35 68 214
81 98 215
77 216 41
217 72 86
67 84 218
35 68 219
81 98 220
77 221 41
222 72 86
67 84 223
35 68 224
81 98 225
77 226 41
227 72 86
67 84 228
35 68 229
81 98 230
77 231 41
232 72 86
67 84 233
35 68 234
81 98 235
77 236 41
237 72 86
67 84 238
35 68 239
81 98 240
77 241 41
242 72 86
67 84 243
35 68 244
81 98 245
77 246 41
247 72 86
67 84 248
35 68 249
81 98 250
77 251 41
252 72 86
67 84 253
35 68 254
81 98 255
77 256 41
257 72 86
67 84 258
35 68 259
81 98 260
77 261 41
262 72 86
67 84 263
35 68 264
81 98 265
77 266 41
267 72 86
67 84 268
35 68 269
81 98 270
77 271 41
272 72 86
67 84 273
35 68 274
81 98 275
77 276 41
277 72 86
67 84 278
35 68 279
81 98 280
77 281 41
282 72 86
67 84 283
35 68 284
81 98 285
77 286 41
287 72 86
67 84 288
35 68 289
81 98 290
77 291 41
292 72 86
67 84 293
35 68 294
81 98 295
77 296 41
297 72 86
67 84 298
35 68 299
81 98 300
77 301 41
302 72 86
67 84 303
35 68 304
81 98 305
77 306 41
307 72 86
67 84 308
35 68 309
81 98 310
77 311 41
312 72 86
67 84 313
35 68 314
81 98 315
77 316 41
317 72 86
67 84 318
35 68 319
81 98 320
77 321 41
322 72 86
67 84 323
35 68 324
81 98 325
77 326 41
327 72 86
67 84 328
35 68 329
81 98 330
77 331 41
332 72 86
67 84 333
35 68 334
81 98 335
77 336 41
337 72 86
67 84 338
35 68 339
81 98 340
77 341 41
342 72 86
67 84 343
35 68 344
81 98 345
77 346 41
347 72 86
67 84 348
35 68 349
81 98 350
77 351 41
352 72 86
67 84 353
35 68 354
81 98 355
77 356 41
357 72 86
67 84 358
35 68 359
81 98 360
77 361 41
362 72 86
67 84 363
35 68 364
81 98 365
77 366 41
367 72 86
67 84 368
35 68 369
81 98 370
77 371 41
372 72 86
67 84 373
35 68 374
81 98 375
77 376 41
377 72 86
67 84 378
35 68 379
81 98 380
77 381 41
382 72 86
67 84 383
35 68 384
81 98 385
77 386 41
387 72 86
67 84 388
35 68 389
81 98 390
77 391 41
392 72 86
67 84 393
35 68 394
81 98 395
77 396 41
397 72 86
67 84 398
35 68 399
81 98 400
77 401 41
402 72 86
67 84 403
35 68 404
81 98 405
77 406 41
407 72 86
67 84 408
35 68 409
81 98 410
77 411 41
412 72 86
67 84 413
35 68 414
81 98 415
77 416 41
417 72 86
67 84 418
35 68 419
81 98 420
77 421 41
422 72 86
67 84 423
35 68 424
81 98 425
77 426 41
427 72 86
67 84 428
35 68 429
81 98 430
77 431 41
432 72 86
67 84 433
35 68 434
81 98 435
77 436 41
437 72 86
67 84 438
35 68 439
81 98 440
77 441 41
442 72 86
67 84 443
35 68 444
81 98 445
77 446 41
447 72 86
67 84 448
35 68 449
81 98 450
77 451 41
452 72 86
67 84 453
35 68 454
81 98 455
77 456 41
457 72 86
67 84 458
35 68 459
81 98 460
77 461 41
462 72 86
67 84 463
35 68 464
81 98 465
77 466 41
467 72 86
67 84 468
35 68 469
81 98 470
77 471 41
472 72 86
67 84 473
35 68 474
81 98 475
77 476 41
477 72 86
67 84 478
35 68 479
81 98 480
77 481 41
482 72 86
67 84 483
35 68 484
81 98 485
77 486 41
487 72 86
67 84 488
35 68 489
81 98 490
77 491 41
492 72 86
67 84 493
35 68 494
81 98 495
77 496 41
497 72 86
67 84 498
35 68 499
81 98 500
77 501 41
502 72 86
67 84 503
35 68 504
81 98 505
77 506 41
507 72 86
67 84 508
35 68 509
81 98 510
77 511 41
512 72 86
67 84 513
35 68 514
81 98 515
77 516 41
517 72 86
67 84 518
35 68 519
81 98 520
77 521 41
522 72 86
67 84 523
35 68 524
81 98 525
77 526 41
527 72 86
67 84 528
35 68 529
81 98 530
77 531 41
532 72 86
67 84 533
35 68 534
81 98 535
77 536 41
537 72 86
67 84 538
35 68 539
81 98 540
77 541 41
542 72 86
67 84 543
35 68 544
81 98 545
77 546 41
547 72 86
67 84 548
35 68 549
81 98 550
77 551 41
552 72 86
67 84 553
35 68 554
81 98 555
77 556 41
557 72 86
67 84 558
35 68 559
81 98 560
77 561 41
562 72 86
67 84 563
35 68 564
81 98 565
77 566 41
567 72 86
67 84 568
35 68 569
81 98 570
77 571 41
572 72 86
67 84 573
35 68 574
81 98 575
77 576 41
577 72 86
67 84 578
35 68 579
81 98 580
77 581 41
582 72 86
67 84 583
35 68 584
81 98 585
77 586 41
587 72 86
67 84 588
35 68 589
81 98 590
77 591 41
592 72 86
67 84 593
35 68 594
81 98 595
77 596 41
597 72 86
67 84 598
35 68 599
81 98 595
77 596 41
597 72 86
67 84 598
35 68 599
